#    s        x        y     Ue/Vinf    Dstar     Theta      Cf       H
   0.00000  1.00000  0.00000  0.90515  0.018778  0.009854  0.001561     1.906
   0.01087  0.98937  0.00225  0.92684  0.016098  0.008984  0.002028     1.792
   0.03111  0.96955  0.00637  0.95091  0.013919  0.008136  0.002505     1.711
   0.05493  0.94619  0.01106  0.97616  0.012124  0.007354  0.003003     1.649
   0.08051  0.92109  0.01593  1.00041  0.010731  0.006688  0.003476     1.605
   0.10670  0.89534  0.02074  1.02268  0.009663  0.006134  0.003897     1.575
   0.13310  0.86936  0.02540  1.04278  0.008841  0.005674  0.004254     1.558
   0.15956  0.84328  0.02991  1.06095  0.008198  0.005285  0.004540     1.551
   0.18604  0.81715  0.03424  1.07743  0.007693  0.004951  0.004744     1.554
   0.21254  0.79099  0.03839  1.09238  0.007306  0.004661  0.004849     1.567
   0.23903  0.76479  0.04238  1.10606  0.007027  0.004406  0.004828     1.595
   0.26553  0.73857  0.04619  1.11866  0.006861  0.004180  0.004644     1.641
   0.29202  0.71233  0.04983  1.13058  0.006829  0.003974  0.004244     1.718
   0.31850  0.68607  0.05329  1.14276  0.006973  0.003777  0.003573     1.846
   0.34497  0.65981  0.05657  1.15721  0.007348  0.003563  0.002905     2.063
   0.37142  0.63354  0.05967  1.17790  0.008011  0.003282  0.001919     2.441
   0.39785  0.60728  0.06257  1.21193  0.008963  0.002852  0.000680     3.142
   0.42425  0.58102  0.06528  1.26717  0.010003  0.002197 -0.000256     4.553
   0.45062  0.55477  0.06779  1.31098  0.010683  0.001714 -0.000515     6.231
   0.47695  0.52854  0.07009  1.31525  0.010782  0.001672 -0.000523     6.447
   0.50323  0.50234  0.07217  1.31933  0.010494  0.001633 -0.000537     6.425
   0.52946  0.47617  0.07402  1.32348  0.009948  0.001595 -0.000558     6.237
   0.55563  0.45005  0.07563  1.32796  0.009232  0.001556 -0.000586     5.932
   0.58171  0.42401  0.07698  1.33304  0.008405  0.001515 -0.000616     5.547
   0.60762  0.39812  0.07807  1.33902  0.007502  0.001471 -0.000630     5.100
   0.63330  0.37246  0.07881  1.34627  0.006629  0.001422 -0.000592     4.663
   0.65882  0.34693  0.07917  1.35502  0.005840  0.001367 -0.000441     4.273
   0.68423  0.32152  0.07913  1.36524  0.005146  0.001308 -0.000141     3.935
   0.70953  0.29623  0.07868  1.37706  0.004546  0.001244  0.000309     3.656
   0.73469  0.27109  0.07779  1.39039  0.004041  0.001175  0.000869     3.439
   0.75969  0.24612  0.07645  1.40486  0.003618  0.001104  0.001490     3.276
   0.78450  0.22137  0.07462  1.42013  0.003258  0.001033  0.002148     3.153
   0.80909  0.19690  0.07228  1.43597  0.002946  0.000962  0.002821     3.063
   0.83338  0.17278  0.06939  1.45240  0.002668  0.000890  0.003516     2.996
   0.85727  0.14915  0.06594  1.46965  0.002409  0.000819  0.004274     2.943
   0.88058  0.12619  0.06189  1.48783  0.002172  0.000746  0.005048     2.910
   0.90299  0.10425  0.05728  1.50766  0.001936  0.000673  0.006006     2.878
   0.92397  0.08390  0.05220  1.52908  0.001711  0.000600  0.007130     2.854
   0.94279  0.06586  0.04686  1.55209  0.001494  0.000528  0.008564     2.830
   0.95880  0.05073  0.04158  1.57593  0.001290  0.000461  0.010477     2.801
   0.97188  0.03863  0.03663  1.59929  0.001110  0.000400  0.012829     2.772
   0.98237  0.02917  0.03211  1.62154  0.000939  0.000346  0.016628     2.711
   0.99084  0.02178  0.02797  1.64015  0.000841  0.000302  0.017080     2.785
   0.99776  0.01596  0.02423  1.66735  0.000693  0.000255  0.022926     2.719
   1.00358  0.01132  0.02071  1.68578  0.000529  0.000212  0.039087     2.500
   1.00867  0.00764  0.01719  1.66228  0.000440  0.000183  0.051392     2.401
   1.01315  0.00478  0.01375  1.60911  0.000390  0.000163  0.056492     2.395
   1.01704  0.00267  0.01048  1.54416  0.000338  0.000143  0.064227     2.366
   1.02046  0.00120  0.00739  1.45712  0.000295  0.000126  0.070848     2.347
   1.02352  0.00030  0.00446  1.33960  0.000254  0.000110  0.078060     2.312
   1.02636 -0.00006  0.00164  1.17155  0.000223  0.000098  0.080731     2.274
   1.02911  0.00016 -0.00110  0.93344  0.000207  0.000094  0.073382     2.208
   1.03194  0.00095 -0.00381  0.66057  0.000220  0.000099  0.048191     2.228
   1.03499  0.00232 -0.00654  0.39700  0.000234  0.000107  0.027912     2.197
   1.03841  0.00431 -0.00932  0.16310  0.000283  0.000127  0.009205     2.230
   1.04235  0.00699 -0.01220 -0.04337  0.000283  0.000127  0.002448     2.230
   1.04694  0.01052 -0.01515 -0.23035  0.000345  0.000153  0.010483     2.251
   1.05225  0.01496 -0.01804 -0.38350  0.000392  0.000174  0.015345     2.252
   1.05836  0.02044 -0.02077 -0.49674  0.000481  0.000208  0.015296     2.313
   1.06565  0.02719 -0.02350 -0.58496  0.000559  0.000243  0.015772     2.295
   1.07463  0.03571 -0.02636 -0.66740  0.000637  0.000276  0.015621     2.305
   1.08586  0.04656 -0.02925 -0.73229  0.000763  0.000324  0.013628     2.357
   1.09996  0.06036 -0.03216 -0.78624  0.000885  0.000376  0.012638     2.355
   1.11728  0.07745 -0.03493 -0.82994  0.001041  0.000437  0.010999     2.386
   1.13753  0.09756 -0.03736 -0.86278  0.001208  0.000502  0.009681     2.404
   1.15998  0.11992 -0.03931 -0.88689  0.001383  0.000571  0.008528     2.423
   1.18383  0.14373 -0.04073 -0.90371  0.001563  0.000639  0.007523     2.444
   1.20856  0.16844 -0.04168 -0.91603  0.001733  0.000706  0.006792     2.456
   1.23387  0.19374 -0.04220 -0.92441  0.001911  0.000772  0.006088     2.476
   1.25958  0.21946 -0.04237 -0.93047  0.002078  0.000835  0.005562     2.488
   1.28561  0.24549 -0.04225 -0.93467  0.002245  0.000897  0.005094     2.503
   1.31189  0.27176 -0.04188 -0.93767  0.002406  0.000957  0.004714     2.513
   1.33837  0.29823 -0.04132 -0.93969  0.002565  0.001016  0.004377     2.525
   1.36502  0.32487 -0.04059 -0.94129  0.002712  0.001072  0.004122     2.530
   1.39180  0.35164 -0.03975 -0.94271  0.002849  0.001125  0.003921     2.532
   1.41869  0.37851 -0.03880 -0.94408  0.002976  0.001176  0.003761     2.532
   1.44558  0.40539 -0.03779 -0.94610  0.003073  0.001220  0.003702     2.519
   1.47239  0.43217 -0.03668 -0.94791  0.003179  0.001264  0.003601     2.515
   1.49920  0.45895 -0.03546 -0.94887  0.003310  0.001310  0.003420     2.526
   1.52606  0.48578 -0.03413 -0.94929  0.003447  0.001357  0.003237     2.540
   1.55297  0.51266 -0.03270 -0.94926  0.003587  0.001405  0.003061     2.554
   1.57994  0.53958 -0.03120 -0.94888  0.003728  0.001452  0.002898     2.568
   1.60695  0.56655 -0.02964 -0.94827  0.003867  0.001498  0.002753     2.581
   1.63401  0.59356 -0.02801 -0.94749  0.004004  0.001545  0.002624     2.592
   1.66109  0.62059 -0.02634 -0.94654  0.004140  0.001591  0.002503     2.603
   1.68821  0.64765 -0.02463 -0.94549  0.004275  0.001636  0.002394     2.613
   1.71534  0.67473 -0.02289 -0.94426  0.004412  0.001681  0.002286     2.624
   1.74248  0.70181 -0.02112 -0.94291  0.004552  0.001727  0.002183     2.636
   1.76964  0.72891 -0.01932 -0.94137  0.004697  0.001773  0.002078     2.650
   1.79682  0.75603 -0.01750 -0.93963  0.004850  0.001819  0.001970     2.666
   1.82400  0.78314 -0.01566 -0.93761  0.005018  0.001867  0.001851     2.687
   1.85117  0.81025 -0.01379 -0.93524  0.005206  0.001917  0.001720     2.715
   1.87834  0.83735 -0.01191 -0.93239  0.005431  0.001971  0.001563     2.755
   1.90548  0.86443 -0.01001 -0.92895  0.005705  0.002029  0.001376     2.811
   1.93256  0.89144 -0.00808 -0.92481  0.006064  0.002094  0.001147     2.896
   1.95944  0.91825 -0.00614 -0.91996  0.006545  0.002165  0.000870     3.023
   1.98566  0.94440 -0.00422 -0.91471  0.007213  0.002241  0.000549     3.219
   2.01001  0.96868 -0.00240 -0.90984  0.008141  0.002312  0.000214     3.522
   2.03052  0.98913 -0.00084 -0.90643  0.009344  0.002363 -0.000061     3.955
   2.04142  1.00000  0.00000 -0.90515  0.011224  0.002383 -0.000139     4.710
   2.04142  1.00010 -0.00001  0.90515  0.030003  0.012237  0.000000     2.452
   2.05230  1.01097 -0.00066  0.91307  0.025857  0.011784  0.000000     2.194
   2.06636  1.02501 -0.00132  0.91759  0.023564  0.011547  0.000000     2.041
   2.08451  1.04314 -0.00201  0.92318  0.021350  0.011272  0.000000     1.894
   2.10795  1.06657 -0.00273  0.92995  0.019236  0.010961  0.000000     1.755
   2.13822  1.09683 -0.00343  0.93790  0.017257  0.010623  0.000000     1.625
   2.17731  1.13591 -0.00404  0.94659  0.015479  0.010279  0.000000     1.506
   2.22778  1.18639 -0.00444  0.95539  0.013943  0.009956  0.000000     1.401
   2.29296  1.25157 -0.00444  0.96373  0.012664  0.009670  0.000000     1.310
   2.37713  1.33573 -0.00377  0.97121  0.011626  0.009428  0.000000     1.233
   2.48582  1.44441 -0.00204  0.97767  0.010807  0.009230  0.000000     1.171
   2.62618  1.58473  0.00130  0.98306  0.010179  0.009072  0.000000     1.122
   2.80743  1.76589  0.00703  0.98743  0.009715  0.008948  0.000000     1.086
   3.04148  1.99976  0.01617  0.99136  0.009367  0.008839  0.000000     1.060
